P2, T_new, Tv1 - Tve, md_new, mm_new, mliq_new, mm_in, md_in, RH_new, cond, cond_source
890.0,284.71300253,1.40002136479,1.0000542698,0.00970358604877,0.00024214414692,7.3909800599e-05,0.0099260901994,1.0,0.00024214414692,6.98692468871e-05
880.0,284.227258602,1.4227186591,1.01007944573,0.00959210300415,0.000426029820489,7.24026289427e-05,0.0100251759296,1.0,0.000190901609811,6.84014273407e-05
870.0,283.732998779,1.56346001064,1.02020527849,0.00947662958994,0.000612385964965,7.08827302643e-05,0.0101258327571,1.0,0.000193277192942,6.69225994699e-05
860.0,283.229970186,1.7044687953,1.03043275075,0.00935714874181,0.000801213631792,6.93468187028e-05,0.0102274722621,1.0,0.000195648175699,6.54281357388e-05
850.0,282.7179088,1.84565670747,1.04076285365,0.0092336478801,0.000992510586972,6.77960934695e-05,0.0103301029015,1.0,0.000198011228545,6.39195673182e-05
840.0,282.19653883,1.98693053946,1.05119658688,0.00910611927586,0.00118627098566,6.62317944499e-05,0.0104337332209,1.0,0.000200362709766,6.23983120228e-05
830.0,281.66557204,2.12819182905,1.06173495874,0.00897456043721,0.00138248502572,6.46552014117e-05,0.0105383718601,1.0,0.00020269864902,6.0865758938e-05
820.0,281.124707037,2.26933648281,1.07237898629,0.00883897452209,0.00158113857393,6.30676330827e-05,0.0106440275586,1.0,0.000205014721843,5.93232991265e-05
810.0,280.573628532,2.41025438318,1.08312969546,0.00869937078389,0.00178221275823,6.14704460948e-05,0.0107507091621,1.0,0.000207306214193,5.77723389836e-05
800.0,280.012006529,2.55082895963,1.09398812108,0.00855576503829,0.00198568353761,5.98650337874e-05,0.0108584256286,1.0,0.000209568007891,5.62143065356e-05
790.0,279.439495505,2.69093674734,1.10495530712,0.00840818017119,0.00219152122958,5.82528248629e-05,0.0109671860364,1.0,0.000211794533288,5.46506543632e-05
780.0,278.855733513,2.83044690982,1.11603230671,0.00825664667082,0.00239969001184,5.6635281891e-05,0.011076999591,1.0,0.000213979751815,5.30828607063e-05
770.0,278.26034126,2.96922074298,1.12722018235,0.00810120320047,0.00261014738183,5.50138996535e-05,0.0111878756342,1.0,0.000216117111315,5.1512429471e-05
760.0,277.652921128,3.10711114937,1.138520006,0.00794189720318,0.00282284358246,5.33902033252e-05,0.0112998236521,1.0,0.000218199517268,4.99408895165e-05
750.0,277.033056145,3.24396209021,1.14993285928,0.00777878554575,0.00303772098636,5.17657464846e-05,0.0114128532855,1.0,0.000220219291556,4.83697934199e-05
740.0,276.400308916,3.37960801184,1.16145983362,0.00761193519945,0.00325471344162,5.01421089494e-05,0.0115269743393,1.0,0.000222168136928,4.6800715838e-05
730.0,275.754220495,3.51387324682,1.17310203042,0.00744142395745,0.00347374557805,4.85208944312e-05,0.0116421967938,1.0,0.000224037101056,4.5235251533e-05
720.0,275.094299824,3.64669528584,1.18486057067,0.00726733631514,0.00369472751114,4.68942907782e-05,0.011758540253,1.0,0.000225816460782,4.36662255066e-05
710.0,274.420017454,3.77804550419,1.19673660005,0.00708976217114,0.00391755134099,4.52496858573e-05,0.011876029384,1.0,0.000227495633768,4.20820406749e-05
700.0,273.730819362,3.90766139319,1.20873127382,0.00690880595162,0.00414209741256,4.35898520458e-05,0.0119946737702,1.0,0.000229063261747,4.04854583955e-05
690.0,273.026144697,4.03526561516,1.22084575673,0.00672454945917,0.0043682718021,4.19178970937e-05,0.0121144829007,1.0,0.000230545354962,3.88795502585e-05
680.0,272.306920663,4.16061574155,1.23308122272,0.00653600429971,0.00459705402585,4.02370642823e-05,0.0122354659976,1.0,0.000232993208281,3.72675088325e-05
670.0,271.573463593,4.28489114599,1.2454388443,0.00634280466187,0.00482880435489,3.85506912075e-05,0.012357621579,1.0,0.000235719533559,3.56525629526e-05
660.0,270.825107477,4.4085392783,1.25791979853,0.00614510979517,0.00506336147931,3.68622577168e-05,0.0124809542319,1.0,0.000238280057646,3.4038114471e-05
650.0,270.061144196,4.53123257938,1.27052527225,0.00594310579955,0.0053005408409,3.51753659727e-05,0.0126054737173,1.0,0.000240652113335,3.24276951151e-05
640.0,269.280820479,4.65261878162,1.28325646232,0.00573700786333,0.00554013248649,3.34937093633e-05,0.0127311900711,1.0,0.000242810982691,3.08249151548e-05
630.0,268.483334695,4.77231897862,1.29611457597,0.00552706261131,0.00578189879522,3.18210567116e-05,0.0128581136451,1.0,0.000244729785376,2.92334471414e-05
620.0,267.667833524,4.88992561805,1.30910083112,0.00531355056297,0.00602557207823,3.01612346769e-05,0.0129862551511,1.0,0.000246379351555,2.76570078641e-05
610.0,266.833408532,5.00500042774,1.32221645683,0.005096788673,0.00627085207654,2.8518108344e-05,0.0131156257085,1.0,0.000247728127849,2.60993385269e-05
600.0,265.979092668,5.11707229278,1.33546269372,0.00487713291908,0.00651740339048,2.68955600193e-05,0.013246236895,1.0,0.000248742122025,2.45641831684e-05
590.0,265.103856799,5.22563517086,1.34884079452,0.00465498091412,0.00676485286173,2.52974662792e-05,0.0133781008001,1.0,0.000249384842983,2.30552653803e-05
580.0,264.20660631,5.33014605519,1.3623520246,0.00443077445763,0.00701278699156,2.37276733511e-05,0.013511230081,1.0,0.000249617354037,2.15762634051e-05
570.0,263.286177925,5.43002311739,1.37599766262,0.00420500197263,0.0072607494475,2.21899709355e-05,0.0136456380197,1.0,0.000249398343606,2.01307837329e-05
560.0,262.341336855,5.52464409487,1.3897790012,0.00397820070193,0.00750823878283,2.06880646233e-05,0.0137813385813,1.0,0.000248684345161,1.87223333508e-05
550.0,261.370774497,5.61334510226,1.40369734768,0.00375095854953,0.00775470648232,1.92255470974e-05,0.013918346472,1.0,0.000247430039603,1.73542908458e-05
540.0,260.373106876,5.69542002081,1.41775402487,0.00352391538591,0.0079995555143,1.7805868358e-05,0.0140566771939,1.0,0.000245588747846,1.60298766017e-05
530.0,259.346874131,5.77012069602,1.43195037197,0.00329776361318,0.00824213959229,1.64323052533e-05,0.0141963470973,1.0,0.000243113111637,1.47521223832e-05
520.0,258.290541354,5.83665820327,1.44628774539,0.00307324773255,0.00848176340357,1.51079306514e-05,0.0143373734252,1.0,0.000239956028948,1.35238406517e-05
510.0,257.202501184,5.89420551023,1.46076751974,0.00285116261718,0.00871768410157,1.38355826362e-05,0.0144797743486,1.0,0.000236071870714,1.23475940109e-05
500.0,256.08107859,5.94190191742,1.47539108873,0.00263235014724,0.00894911440567,1.26178341614e-05,0.0146235689894,1.0,0.000231418025683,1.12256652384e-05
490.0,254.924538271,5.9788596618,1.49015986616,0.00241769381445,0.00917522770212,1.14569636472e-05,0.0147687774251,1.0,0.000225956847085,1.01600224282e-05
480.0,253.731265686,6.00298981672,1.50507515382,0.00220814936147,0.00939526009166,1.04879365646e-05,0.0149152876631,1.0,0.000219660307519,9.26979980508e-06
470.0,252.499444035,6.01480934978,1.52013841045,0.00200464960377,0.00960833624911,9.57639974919e-06,0.0150632566321,1.0,0.000212508165717,8.43527670222e-06
460.0,251.227228093,6.01348755493,1.53535112547,0.00180813448096,0.00981356694844,8.71557652475e-06,0.015212715024,1.0,0.000204493000649,7.65033038926e-06
450.0,249.912772072,5.99815162917,1.5507148131,0.00162366313272,0.010005943266,7.9049693018e-06,0.0153636876303,1.0,0.000191496767069,6.91438836942e-06
440.0,248.552771006,5.96702041789,1.56623105391,0.00146600924474,0.0101707411125,7.1439584893e-06,0.0155162408039,1.0,0.000164600408409,6.22580415758e-06
430.0,247.147099011,5.92174430741,1.58190159272,0.00131635041015,0.0103268317636,6.4318165627e-06,0.015670538815,1.0,0.000155897993901,5.58121817076e-06
420.0,245.69458013,5.86018899215,1.59772800462,0.00117511346841,0.0104738362372,5.76753189327e-06,0.0158264118994,1.0,0.000146827716252,4.98243512479e-06
410.0,244.194122513,5.78232356769,1.61371188575,0.00104264885885,0.0106114509034,5.15005657686e-06,0.0159838811243,1.0,0.000137462793736,4.42827372297e-06
400.0,242.644722214,5.68826211938,1.62985485288,0.000919220478656,0.0107394574954,4.57821188182e-06,0.0161429671342,1.0,0.000127886292402,3.91742286387e-06
390.0,241.045461783,5.57827313179,1.64615854292,0.000804997500349,0.0108577311668,4.05069300929e-06,0.0163036900406,1.0,0.000118189335199,3.44844850061e-06
380.0,239.395503032,5.45278497187,1.66262461225,0.000700048762399,0.0109662459796,3.56607485496e-06,0.0164660693294,1.0,0.000108468584021,3.01980188923e-06
370.0,237.694073235,5.31238664788,1.67925473604,0.000604340187171,0.0110650773736,3.12281879682e-06,0.0166301237913,1.0,9.88233454468e-05,2.62982907512e-06
360.0,235.940444546,5.15782346566,1.69605060752,0.000517735527088,0.0111544013142,2.71928052523e-06,0.0167958714818,1.0,8.93523312333e-05,2.27678159696e-06
350.0,234.133906625,4.98998735519,1.71301393724,0.000440000507485,0.0112344900527,2.35371892281e-06,0.0169633297116,1.0,8.01504155202e-05,1.95880759665e-06
340.0,232.273733297,4.80990251715,1.73014645231,0.000370810230231,0.011305704636,2.02430599043e-06,0.0171325150714,1.0,7.13052533892e-05,1.67400059024e-06
330.0,230.35914344,4.61870647569,1.7474498958,0.000309759415904,0.0113684845881,1.72913780285e-06,0.0173034434876,1.0,6.28946480881e-05,1.42040418969e-06
320.0,228.389257417,4.41762784761,1.7649260261,0.000256374937622,0.0114233353128,1.46624646234e-06,0.0174761303057,1.0,5.49841783824e-05,1.19602046665e-06
310.0,226.363049998,4.20796193291,1.7825766165,0.000210129933525,0.0114708139299,1.23361300045e-06,0.0176505903974,1.0,4.76255619681e-05,9.98824363727e-07
300.0,224.279300277,3.99104506738,1.80040345478,0.0001704587263,0.0115115143183,1.0291811575e-06,0.0178268382832,1.0,4.085598943e-05,8.26778388173e-07
290.0,222.136540048,3.76822972583,1.81840834304,0.00013677182123,0.0115460520953,8.50871945591e-07,0.0180048882631,1.0,3.46976901515e-05,6.77847533435e-07
280.0,219.933000039,3.54086073505,1.83659309759,0.000108470281611,0.0115750502338,6.96598874298e-07,0.0181847545498,1.0,2.9158749739e-05,5.50014147247e-07
270.0,217.666554784,3.31025436816,1.85495954899,8.49589468449e-05,0.0115991258523,5.64283689237e-07,0.0183664513951,1.0,2.42338946603e-05,4.41292804357e-07
260.0,215.33466386,3.07767955085,1.8735095422,6.56580600224e-05,0.0116188786116,4.5187244268e-07,0.0185499932069,1.0,1.99067647921e-05,3.49744849444e-07
250.0,212.934311127,2.84434427312,1.89224493685,5.00130833566e-05,0.0116348809399,3.57351683115e-07,0.0187353946509,1.0,1.61505644393e-05,2.73492831203e-07
240.0,210.46193654,2.61138411054,1.91116760758,3.7502539626e-05,0.0116476702482,2.78764518143e-07,0.0189226707348,1.0,1.29312505084e-05,2.10733957263e-07
230.0,207.913362135,2.37985663677,1.93027944446,2.76439202476e-05,0.0116577430938,2.14226273493e-07,0.0191118368749,1.0,1.02079518988e-05,1.59753233245e-07
220.0,205.283702799,2.15073591234,1.9495823534,1.99977134363e-05,0.0116655512401,1.61939441784e-07,0.0193029089443,1.0,7.9374648518e-06,1.18934987747e-07
210.0,202.567268681,1.92491727159,1.96907825671,1.41697606393e-05,0.0116714994004,1.20207589728e-07,0.0194959033036,1.0,6.07089160851e-06,8.67741229319e-08
200.0,199.757435077,1.70321468064,1.98876909352,9.81206551468e-06,0.0116759445434,8.7447873926e-08,0.0196908368168,1.0,4.56297940793e-06,6.18837470895e-08
190.0,196.846495542,1.48637180407,2.00865682038,6.62234435483e-06,0.0116791964664,6.22018059205e-08,0.0198877268541,1.0,3.36521231625e-06,4.30040484594e-08
180.0,193.825464374,1.27506429164,2.02874341166,4.34246578862e-06,0.0116815194889,4.31439096691e-08,0.0200865912833,1.0,2.43557799938e-06,2.90056574032e-08
170.0,190.683849966,1.06992577062,2.04903086011,2.75603496823e-06,0.0116831350076,2.9087932558e-08,0.0202874484533,1.0,1.72322641696e-06,1.88939673759e-08
160.0,187.409311722,0.871532101622,2.06952117728,1.68525318852e-06,0.0116842247797,1.89903081896e-08,0.0204903171712,1.0,1.20284763022e-06,1.1804723766e-08
150.0,183.987287977,0.68045162088,2.09021639396,9.87307655591e-07,0.0116849346759,1.19506292191e-08,0.0206952166747,1.0,8.26282727139e-07,7.00900725512e-09
140.0,180.400441704,0.497254507382,2.11111856056,5.50374040478e-07,0.0116853788185,7.20897500182e-09,0.0209021666037,1.0,5.5730638599e-07,3.89802314969e-09
130.0,176.62789578,0.322504442756,2.13222974753,2.8943150411e-07,0.0116856439011,4.14005431094e-09,0.0211111869693,1.0,3.876663181e-07,1.97918501211e-09
120.0,172.644189019,0.156752228998,2.15355204566,1.42027295323e-07,0.0116857935495,2.24426870574e-09,0.0213222981254,1.0,3.409211064e-07,8.70074990106e-10
